#define L_window 512

static Word16 window[L_window] = {
   2621,  2622,  2626,  2632,  2640,  2650,  2662,  2677,
   2694,  2714,  2735,  2759,  2785,  2814,  2844,  2877,
   2912,  2949,  2989,  3031,  3075,  3121,  3169,  3220,
   3273,  3328,  3385,  3444,  3506,  3569,  3635,  3703,
   3773,  3845,  3919,  3996,  4074,  4155,  4237,  4321,
   4408,  4496,  4587,  4680,  4774,  4870,  4969,  5069,
   5171,  5275,  5381,  5489,  5599,  5710,  5824,  5939,
   6056,  6174,  6295,  6417,  6541,  6666,  6793,  6922,
   7052,  7185,  7318,  7453,  7590,  7728,  7868,  8010,
   8152,  8296,  8442,  8589,  8737,  8887,  9038,  9191,
   9344,  9499,  9655,  9813,  9971, 10131, 10292, 10454,
  10617, 10781, 10946, 11113, 11280, 11448, 11617, 11787,
  11958, 12130, 12303, 12476, 12650, 12825, 13001, 13178,
  13355, 13533, 13711, 13890, 14070, 14250, 14431, 14612,
  14793, 14975, 15158, 15341, 15524, 15708, 15892, 16076,
  16260, 16445, 16629, 16814, 16999, 17185, 17370, 17555,
  17741, 17926, 18111, 18296, 18481, 18667, 18851, 19036,
  19221, 19405, 19589, 19773, 19956, 20139, 20322, 20504,
  20686, 20867, 21048, 21229, 21409, 21588, 21767, 21945,
  22122, 22299, 22475, 22651, 22825, 22999, 23172, 23344,
  23516, 23686, 23856, 24025, 24192, 24359, 24525, 24689,
  24853, 25016, 25177, 25337, 25496, 25654, 25811, 25967,
  26121, 26274, 26426, 26576, 26725, 26873, 27019, 27164,
  27308, 27450, 27590, 27729, 27867, 28003, 28137, 28270,
  28401, 28531, 28659, 28785, 28910, 29033, 29154, 29274,
  29391, 29507, 29622, 29734, 29845, 29953, 30060, 30165,
  30268, 30370, 30469, 30566, 30662, 30755, 30847, 30936,
  31024, 31109, 31193, 31274, 31354, 31431, 31506, 31579,
  31650, 31719, 31786, 31851, 31913, 31974, 32032, 32088,
  32142, 32194, 32243, 32291, 32336, 32379, 32419, 32458,
  32494, 32528, 32560, 32589, 32617, 32642, 32664, 32685,
  32703, 32719, 32733, 32744, 32753, 32760, 32764, 32767,
  32767, 32764, 32757, 32744, 32726, 32704, 32676, 32643,
  32606, 32563, 32516, 32463, 32406, 32344, 32277, 32205,
  32128, 32047, 31960, 31870, 31774, 31674, 31570, 31461,
  31347, 31229, 31107, 30980, 30850, 30715, 30576, 30433,
  30286, 30135, 29980, 29821, 29659, 29493, 29323, 29150,
  28974, 28794, 28610, 28424, 28235, 28042, 27846, 27648,
  27447, 27243, 27036, 26827, 26615, 26401, 26185, 25967,
  25746, 25523, 25298, 25072, 24844, 24613, 24382, 24149,
  23914, 23678, 23440, 23202, 22962, 22722, 22480, 22238,
  21995, 21751, 21506, 21261, 21016, 20770, 20524, 20278,
  20031, 19785, 19538, 19292, 19046, 18800, 18554, 18309,
  18065, 17820, 17577, 17334, 17092, 16850, 16610, 16370,
  16131, 15894, 15657, 15422, 15188, 14955, 14723, 14493,
  14264, 14037, 13811, 13586, 13364, 13142, 12923, 12705,
  12489, 12275, 12063, 11852, 11643, 11437, 11232, 11029,
  10828, 10629, 10433, 10238, 10045,  9855,  9666,  9480,
   9296,  9114,  8934,  8757,  8582,  8409,  8238,  8069,
   7903,  7738,  7577,  7417,  7259,  7104,  6951,  6801,
   6652,  6506,  6362,  6220,  6081,  5944,  5808,  5676,
   5545,  5416,  5290,  5166,  5044,  4924,  4806,  4690,
   4577,  4465,  4355,  4248,  4142,  4039,  3937,  3838,
   3740,  3645,  3551,  3459,  3369,  3281,  3194,  3110,
   3027,  2946,  2867,  2789,  2713,  2639,  2566,  2495,
   2426,  2358,  2291,  2227,  2163,  2102,  2041,  1982,
   1925,  1869,  1814,  1760,  1708,  1657,  1608,  1559,
   1512,  1466,  1422,  1378,  1336,  1294,  1254,  1215,
   1177,  1140,  1103,  1068,  1034,  1001,   969,   937,
    907,   877,   848,   820,   793,   766,   741,   716,
    692,   668,   645,   623,   602,   581,   561,   541,
    522,   504,   486,   469,   452,   436,   421,   405,
    391,   377,   363,   350,   337,   324,   312,   301,
    289,   279,   268,   258,   248,   239,   230,   221,
};
